144Script snippet #9:224 13938
Script snippet #9:131 ["[821,461,843,513,17,901,711,993,293,157,274,94,192,156,574]","[7,53,183,439,863,497,383,563,79,973,287,63,343,169,583]","[322,148,972,962,286,255,941,541,265,323,925,281,601,95,973]","[34,124,4,878,450,476,712,914,838,669,875,299,823,329,699]","[870,456,192,162,593,473,915,45,989,873,823,965,425,329,803]","[627,343,773,959,943,767,473,103,699,303,957,703,583,639,913]","[184,829,373,181,631,101,969,613,840,740,778,458,284,760,390]","[217,623,3,399,853,407,103,983,89,463,290,516,212,462,350]","[973,965,905,919,133,673,665,235,509,613,673,815,165,992,326]","[813,883,451,509,615,77,281,613,459,205,380,274,302,35,805]","[960,376,682,962,300,780,486,502,912,800,250,346,172,812,350]","[414,456,310,312,798,104,566,520,302,248,694,976,430,392,198]","[447,283,463,29,23,487,463,993,119,883,327,493,423,159,743]","[445,721,11,525,473,65,511,164,138,672,18,428,154,448,848]","[815,559,813,459,522,788,168,586,966,232,308,833,251,631,107]"]
Script snippet #9:132 [5, 9, 14, 12, 8, 10, 6, 4, 13, 0, 3, 11, 7, 1, 2]0: 51: 92: 143: 124: 85: 106: 67: 48: 139: 010: 311: 1112: 713: 114: 2length: 15__proto__: Array[0]
Script snippet #9:224 13708
83Script snippet #9:224 13938
Script snippet #9:131 ["[322,148,972,962,286,255,941,541,265,323,925,281,601,95,973]","[414,456,310,312,798,104,566,520,302,248,694,976,430,392,198]","[870,456,192,162,593,473,915,45,989,873,823,965,425,329,803]","[217,623,3,399,853,407,103,983,89,463,290,516,212,462,350]","[34,124,4,878,450,476,712,914,838,669,875,299,823,329,699]","[813,883,451,509,615,77,281,613,459,205,380,274,302,35,805]","[815,559,813,459,522,788,168,586,966,232,308,833,251,631,107]","[973,965,905,919,133,673,665,235,509,613,673,815,165,992,326]","[960,376,682,962,300,780,486,502,912,800,250,346,172,812,350]","[821,461,843,513,17,901,711,993,293,157,274,94,192,156,574]","[7,53,183,439,863,497,383,563,79,973,287,63,343,169,583]","[627,343,773,959,943,767,473,103,699,303,957,703,583,639,913]","[447,283,463,29,23,487,463,993,119,883,327,493,423,159,743]","[445,721,11,525,473,65,511,164,138,672,18,428,154,448,848]","[184,829,373,181,631,101,969,613,840,740,778,458,284,760,390]"]
Script snippet #9:132 [14, 11, 8, 4, 12, 0, 2, 13, 3, 5, 9, 10, 7, 1, 6]
Script snippet #9:224 13708
80Script snippet #9:224 13938
Script snippet #9:131 ["[445,721,11,525,473,65,511,164,138,672,18,428,154,448,848]","[813,883,451,509,615,77,281,613,459,205,380,274,302,35,805]","[322,148,972,962,286,255,941,541,265,323,925,281,601,95,973]","[217,623,3,399,853,407,103,983,89,463,290,516,212,462,350]","[870,456,192,162,593,473,915,45,989,873,823,965,425,329,803]","[184,829,373,181,631,101,969,613,840,740,778,458,284,760,390]","[821,461,843,513,17,901,711,993,293,157,274,94,192,156,574]","[627,343,773,959,943,767,473,103,699,303,957,703,583,639,913]","[7,53,183,439,863,497,383,563,79,973,287,63,343,169,583]","[973,965,905,919,133,673,665,235,509,613,673,815,165,992,326]","[815,559,813,459,522,788,168,586,966,232,308,833,251,631,107]","[447,283,463,29,23,487,463,993,119,883,327,493,423,159,743]","[960,376,682,962,300,780,486,502,912,800,250,346,172,812,350]","[34,124,4,878,450,476,712,914,838,669,875,299,823,329,699]","[414,456,310,312,798,104,566,520,302,248,694,976,430,392,198]"]
Script snippet #9:132 [1, 0, 14, 4, 8, 6, 5, 10, 9, 13, 2, 7, 3, 12, 11]
Script snippet #9:224 13708
132Script snippet #9:224 13938
Script snippet #9:131 ["[34,124,4,878,450,476,712,914,838,669,875,299,823,329,699]","[627,343,773,959,943,767,473,103,699,303,957,703,583,639,913]","[447,283,463,29,23,487,463,993,119,883,327,493,423,159,743]","[813,883,451,509,615,77,281,613,459,205,380,274,302,35,805]","[821,461,843,513,17,901,711,993,293,157,274,94,192,156,574]","[445,721,11,525,473,65,511,164,138,672,18,428,154,448,848]","[815,559,813,459,522,788,168,586,966,232,308,833,251,631,107]","[7,53,183,439,863,497,383,563,79,973,287,63,343,169,583]","[960,376,682,962,300,780,486,502,912,800,250,346,172,812,350]","[870,456,192,162,593,473,915,45,989,873,823,965,425,329,803]","[322,148,972,962,286,255,941,541,265,323,925,281,601,95,973]","[217,623,3,399,853,407,103,983,89,463,290,516,212,462,350]","[973,965,905,919,133,673,665,235,509,613,673,815,165,992,326]","[184,829,373,181,631,101,969,613,840,740,778,458,284,760,390]","[414,456,310,312,798,104,566,520,302,248,694,976,430,392,198]"]
Script snippet #9:132 [12, 10, 7, 0, 5, 1, 2, 9, 3, 8, 14, 4, 13, 6, 11]
Script snippet #9:224 13708
100Script snippet #9:224 13938
Script snippet #9:131 ["[34,124,4,878,450,476,712,914,838,669,875,299,823,329,699]","[7,53,183,439,863,497,383,563,79,973,287,63,343,169,583]","[821,461,843,513,17,901,711,993,293,157,274,94,192,156,574]","[184,829,373,181,631,101,969,613,840,740,778,458,284,760,390]","[414,456,310,312,798,104,566,520,302,248,694,976,430,392,198]","[445,721,11,525,473,65,511,164,138,672,18,428,154,448,848]","[217,623,3,399,853,407,103,983,89,463,290,516,212,462,350]","[813,883,451,509,615,77,281,613,459,205,380,274,302,35,805]","[870,456,192,162,593,473,915,45,989,873,823,965,425,329,803]","[447,283,463,29,23,487,463,993,119,883,327,493,423,159,743]","[322,148,972,962,286,255,941,541,265,323,925,281,601,95,973]","[960,376,682,962,300,780,486,502,912,800,250,346,172,812,350]","[973,965,905,919,133,673,665,235,509,613,673,815,165,992,326]","[815,559,813,459,522,788,168,586,966,232,308,833,251,631,107]","[627,343,773,959,943,767,473,103,699,303,957,703,583,639,913]"]
Script snippet #9:132 [12, 9, 5, 6, 11, 1, 4, 0, 8, 7, 14, 3, 13, 2, 10]
Script snippet #9:224 13708
11Script snippet #9:224 13938
Script snippet #9:131 ["[7,53,183,439,863,497,383,563,79,973,287,63,343,169,583]","[821,461,843,513,17,901,711,993,293,157,274,94,192,156,574]","[217,623,3,399,853,407,103,983,89,463,290,516,212,462,350]","[445,721,11,525,473,65,511,164,138,672,18,428,154,448,848]","[34,124,4,878,450,476,712,914,838,669,875,299,823,329,699]","[414,456,310,312,798,104,566,520,302,248,694,976,430,392,198]","[322,148,972,962,286,255,941,541,265,323,925,281,601,95,973]","[813,883,451,509,615,77,281,613,459,205,380,274,302,35,805]","[627,343,773,959,943,767,473,103,699,303,957,703,583,639,913]","[184,829,373,181,631,101,969,613,840,740,778,458,284,760,390]","[960,376,682,962,300,780,486,502,912,800,250,346,172,812,350]","[447,283,463,29,23,487,463,993,119,883,327,493,423,159,743]","[815,559,813,459,522,788,168,586,966,232,308,833,251,631,107]","[973,965,905,919,133,673,665,235,509,613,673,815,165,992,326]","[870,456,192,162,593,473,915,45,989,873,823,965,425,329,803]"]
Script snippet #9:132 [9, 5, 4, 1, 12, 11, 14, 0, 10, 6, 3, 7, 2, 13, 8]
Script snippet #9:224 13708
42Script snippet #9:224 13938
Script snippet #9:131 ["[184,829,373,181,631,101,969,613,840,740,778,458,284,760,390]","[870,456,192,162,593,473,915,45,989,873,823,965,425,329,803]","[973,965,905,919,133,673,665,235,509,613,673,815,165,992,326]","[217,623,3,399,853,407,103,983,89,463,290,516,212,462,350]","[813,883,451,509,615,77,281,613,459,205,380,274,302,35,805]","[815,559,813,459,522,788,168,586,966,232,308,833,251,631,107]","[821,461,843,513,17,901,711,993,293,157,274,94,192,156,574]","[445,721,11,525,473,65,511,164,138,672,18,428,154,448,848]","[34,124,4,878,450,476,712,914,838,669,875,299,823,329,699]","[960,376,682,962,300,780,486,502,912,800,250,346,172,812,350]","[627,343,773,959,943,767,473,103,699,303,957,703,583,639,913]","[414,456,310,312,798,104,566,520,302,248,694,976,430,392,198]","[447,283,463,29,23,487,463,993,119,883,327,493,423,159,743]","[322,148,972,962,286,255,941,541,265,323,925,281,601,95,973]","[7,53,183,439,863,497,383,563,79,973,287,63,343,169,583]"]
Script snippet #9:132 [6, 8, 13, 4, 0, 2, 5, 1, 12, 3, 10, 11, 7, 14, 9]
Script snippet #9:224 13708
283Script snippet #9:224 13938
Script snippet #9:131 ["[7,53,183,439,863,497,383,563,79,973,287,63,343,169,583]","[973,965,905,919,133,673,665,235,509,613,673,815,165,992,326]","[322,148,972,962,286,255,941,541,265,323,925,281,601,95,973]","[34,124,4,878,450,476,712,914,838,669,875,299,823,329,699]","[870,456,192,162,593,473,915,45,989,873,823,965,425,329,803]","[447,283,463,29,23,487,463,993,119,883,327,493,423,159,743]","[815,559,813,459,522,788,168,586,966,232,308,833,251,631,107]","[960,376,682,962,300,780,486,502,912,800,250,346,172,812,350]","[414,456,310,312,798,104,566,520,302,248,694,976,430,392,198]","[445,721,11,525,473,65,511,164,138,672,18,428,154,448,848]","[217,623,3,399,853,407,103,983,89,463,290,516,212,462,350]","[813,883,451,509,615,77,281,613,459,205,380,274,302,35,805]","[184,829,373,181,631,101,969,613,840,740,778,458,284,760,390]","[627,343,773,959,943,767,473,103,699,303,957,703,583,639,913]","[821,461,843,513,17,901,711,993,293,157,274,94,192,156,574]"]
Script snippet #9:132 [9, 13, 14, 12, 8, 7, 2, 3, 11, 1, 4, 0, 6, 10, 5]
Script snippet #9:224 13708
117Script snippet #9:224 13938
Script snippet #9:227 335984.69
Script snippet #9:229 13938